my_data <- c(4,5,6,7)
my_data

x <-c(3,5,6,7,4,7)
x
