my_data <- c(4,5,6,7)
my_data

x <-c(3,5,6,7,4,7)
x

a <-c(234,23423,2342,234)
a